From file: IsA_IsK_14Jan2021_sa	Instrument no.:	1320
Ser	Interval (sec)	Integration	Air pressure	Salinity	Chart Datum (dbar)	
3	2		1010.64	
Ser	Meas	Sal.	Temp	F (µg/l)	Opt	Density	Depth(u)	Date	Time		
3	696	34.460	1.568	0.01	99.84	27.574	0.4959	14/01/2021	13:21:55
3	697	34.462	1.568	0.01	99.62	27.576	0.6050	14/01/2021	13:21:57
3	698	34.453	1.569	0.01	99.50	27.569	0.5356	14/01/2021	13:21:59
3	699	34.457	1.573	0.02	99.45	27.571	0.4463	14/01/2021	13:22:01
3	700	34.461	1.579	0.02	99.34	27.576	0.9224	14/01/2021	13:22:03
3	701	34.468	1.575	0.02	99.18	27.583	1.1307	14/01/2021	13:22:05
3	702	34.464	1.576	0.01	99.07	27.581	1.2894	14/01/2021	13:22:07
3	703	34.463	1.580	0.01	98.99	27.585	2.4101	14/01/2021	13:22:09
3	704	34.471	1.580	0.01	98.87	27.592	2.5490	14/01/2021	13:22:11
3	705	34.467	1.587	0.02	98.88	27.588	2.6085	14/01/2021	13:22:13
3	706	34.466	1.580	0.01	98.80	27.592	3.3524	14/01/2021	13:22:15
3	707	34.464	1.579	0.02	98.68	27.590	3.3325	14/01/2021	13:22:17
3	708	34.465	1.583	0.02	98.75	27.592	3.4615	14/01/2021	13:22:19
3	709	34.467	1.585	0.01	98.69	27.593	3.6202	14/01/2021	13:22:21
3	710	34.472	1.583	0.01	98.68	27.598	3.7293	14/01/2021	13:22:23
3	711	34.468	1.585	0.01	98.61	27.594	3.6301	14/01/2021	13:22:25
3	712	34.463	1.585	0.01	98.59	27.591	3.7293	14/01/2021	13:22:27
3	713	34.463	1.585	0.01	98.51	27.591	3.8285	14/01/2021	13:22:29
3	714	34.466	1.587	0.01	98.46	27.593	3.7789	14/01/2021	13:22:31
3	715	34.461	1.586	0.01	98.46	27.590	3.8979	14/01/2021	13:22:33
3	716	34.457	1.589	0.01	98.41	27.587	3.8780	14/01/2021	13:22:35
3	717	34.468	1.588	0.01	98.40	27.596	4.0467	14/01/2021	13:22:37
3	718	34.472	1.588	0.01	98.37	27.601	4.2748	14/01/2021	13:22:39
3	719	34.464	1.590	0.01	98.40	27.594	4.3640	14/01/2021	13:22:41
3	720	34.465	1.588	0.01	98.33	27.594	4.2649	14/01/2021	13:22:43
3	721	34.461	1.591	0.02	98.27	27.592	4.4037	14/01/2021	13:22:45
3	722	34.459	1.596	0.02	98.27	27.590	4.4136	14/01/2021	13:22:47
3	723	34.462	1.594	0.01	98.26	27.593	4.4831	14/01/2021	13:22:49
3	724	34.476	1.592	0.01	98.19	27.605	4.6517	14/01/2021	13:22:51
3	725	34.456	1.594	0.01	98.19	27.590	4.8203	14/01/2021	13:22:53
3	726	34.458	1.590	0.01	98.16	27.592	4.9492	14/01/2021	13:22:55
3	727	34.460	1.594	0.01	98.11	27.595	5.1674	14/01/2021	13:22:57
3	728	34.469	1.597	0.02	98.12	27.602	5.1972	14/01/2021	13:22:59
3	729	34.466	1.601	0.02	98.10	27.599	5.2467	14/01/2021	13:23:01
3	730	34.456	1.604	0.02	98.11	27.594	5.7922	14/01/2021	13:23:03
3	731	34.482	1.626	0.02	98.04	27.617	6.7047	14/01/2021	13:23:05
3	732	34.475	1.629	0.01	98.15	27.615	7.4585	14/01/2021	13:23:07
3	733	34.473	1.641	0.01	98.02	27.616	8.2916	14/01/2021	13:23:09
3	734	34.487	1.651	0.01	97.94	27.630	8.9858	14/01/2021	13:23:11
3	735	34.486	1.666	0.02	97.78	27.632	9.7991	14/01/2021	13:23:13
3	736	34.486	1.652	0.02	97.92	27.637	10.7314	14/01/2021	13:23:15
3	737	34.484	1.640	0.01	97.88	27.641	11.6141	14/01/2021	13:23:17
3	738	34.474	1.610	0.01	97.98	27.640	12.5959	14/01/2021	13:23:19
3	739	34.466	1.600	0.01	97.93	27.640	13.6770	14/01/2021	13:23:21
3	740	34.461	1.591	0.01	98.00	27.642	14.8968	14/01/2021	13:23:23
3	741	34.450	1.620	0.01	97.98	27.636	15.9679	14/01/2021	13:23:25
3	742	34.474	1.674	0.01	97.94	27.657	17.2076	14/01/2021	13:23:27
3	743	34.475	1.804	0.02	97.43	27.655	18.6358	14/01/2021	13:23:29
3	744	34.473	1.876	0.01	97.34	27.653	19.8457	14/01/2021	13:23:31
3	745	34.479	1.837	0.01	97.24	27.667	21.0457	14/01/2021	13:23:33
3	746	34.523	2.267	0.01	96.94	27.671	21.6606	14/01/2021	13:23:35
3	747	34.618	3.024	0.01	94.35	27.685	22.7812	14/01/2021	13:23:37
3	748	34.632	3.227	0.01	93.39	27.682	23.6837	14/01/2021	13:23:39
3	749	34.655	3.281	0.01	92.93	27.700	24.7250	14/01/2021	13:23:41
3	750	34.666	3.293	0.02	92.93	27.714	26.1828	14/01/2021	13:23:43
3	751	34.683	3.354	0.01	92.77	27.728	27.4323	14/01/2021	13:23:45
3	752	34.697	3.457	0.01	92.51	27.735	28.6521	14/01/2021	13:23:47
3	753	34.695	3.535	0.02	92.02	27.732	30.0504	14/01/2021	13:23:49
3	754	34.698	3.566	0.02	91.83	27.737	31.2107	14/01/2021	13:23:51
3	755	34.705	3.571	0.01	91.83	27.744	31.6867	14/01/2021	13:23:53
3	756	34.703	3.573	0.01	91.86	27.748	32.7181	14/01/2021	13:23:55
3	757	34.708	3.577	0.01	91.84	27.756	33.7296	14/01/2021	13:23:57
3	758	34.708	3.580	0.01	91.77	27.757	34.0866	14/01/2021	13:23:59
3	759	34.705	3.581	0.02	91.89	27.758	34.8204	14/01/2021	13:24:01
3	760	34.710	3.582	0.01	91.83	27.767	36.0401	14/01/2021	13:24:03
3	761	34.711	3.590	0.01	91.75	27.774	37.4384	14/01/2021	13:24:05
3	762	34.716	3.593	0.02	91.64	27.784	38.8267	14/01/2021	13:24:07
3	763	34.717	3.593	0.01	91.53	27.792	40.2348	14/01/2021	13:24:09
3	764	34.722	3.602	0.01	91.30	27.803	41.8016	14/01/2021	13:24:11
3	765	34.725	3.603	0.01	91.22	27.812	43.3089	14/01/2021	13:24:13
3	766	34.726	3.603	0.01	91.21	27.820	44.8955	14/01/2021	13:24:15
3	767	34.723	3.601	0.01	91.18	27.826	46.6209	14/01/2021	13:24:17
3	768	34.723	3.589	0.01	91.10	27.835	48.3760	14/01/2021	13:24:19
3	769	34.725	3.558	0.01	91.05	27.848	50.0816	14/01/2021	13:24:21
3	770	34.721	3.541	0.01	91.03	27.855	51.9160	14/01/2021	13:24:23
3	771	34.725	3.534	0.01	91.01	27.868	53.7802	14/01/2021	13:24:25
3	772	34.724	3.512	0.01	91.10	27.878	55.5650	14/01/2021	13:24:27
3	773	34.718	3.483	0.01	91.10	27.884	57.3498	14/01/2021	13:24:29
3	774	34.721	3.474	0.01	91.08	27.896	59.1545	14/01/2021	13:24:31
3	775	34.724	3.470	0.02	90.97	27.907	60.8798	14/01/2021	13:24:33
3	776	34.724	3.465	0.01	91.00	27.915	62.6645	14/01/2021	13:24:35
3	777	34.724	3.461	0.01	90.95	27.925	64.3799	14/01/2021	13:24:37
3	778	34.724	3.446	0.01	90.94	27.934	66.1547	14/01/2021	13:24:39
3	779	34.721	3.436	0.01	90.89	27.942	67.9791	14/01/2021	13:24:41
3	780	34.721	3.432	0.01	90.78	27.950	69.7836	14/01/2021	13:24:43
3	781	34.723	3.421	0.02	90.71	27.961	71.4295	14/01/2021	13:24:45
3	782	34.722	3.418	0.02	90.71	27.968	73.0059	14/01/2021	13:24:47
3	783	34.728	3.414	0.01	90.69	27.980	74.6617	14/01/2021	13:24:49
3	784	34.724	3.412	0.01	90.69	27.985	76.2778	14/01/2021	13:24:51
3	785	34.724	3.402	0.02	90.76	27.995	78.0426	14/01/2021	13:24:53
3	786	34.725	3.394	0.01	90.71	28.004	79.8371	14/01/2021	13:24:55
3	787	34.727	3.390	0.01	90.68	28.014	81.4433	14/01/2021	13:24:57
3	788	34.728	3.385	0.01	90.53	28.023	83.0692	14/01/2021	13:24:59
3	789	34.733	3.371	0.02	90.47	28.036	84.6456	14/01/2021	13:25:01
3	790	34.728	3.356	0.02	90.45	28.041	86.3211	14/01/2021	13:25:03
3	791	34.728	3.346	0.01	90.44	28.050	88.0164	14/01/2021	13:25:05
3	792	34.729	3.341	0.01	90.43	28.059	89.7117	14/01/2021	13:25:07
3	793	34.730	3.329	0.01	90.43	28.069	91.4467	14/01/2021	13:25:09
3	794	34.733	3.318	0.01	90.60	28.081	93.2014	14/01/2021	13:25:11
3	795	34.731	3.275	0.02	91.01	28.092	94.9463	14/01/2021	13:25:13
3	796	34.710	3.197	0.01	91.54	28.091	96.7208	14/01/2021	13:25:15
3	797	34.717	3.151	0.01	91.84	28.109	98.4755	14/01/2021	13:25:17
3	798	34.711	3.128	0.02	91.96	28.115	100.2501	14/01/2021	13:25:19
3	799	34.708	3.106	0.02	92.18	28.123	101.9750	14/01/2021	13:25:21
3	800	34.709	3.094	0.01	92.18	28.133	103.6107	14/01/2021	13:25:23
3	801	34.713	3.081	0.01	92.29	28.144	105.1671	14/01/2021	13:25:25
3	802	34.708	3.080	0.01	92.26	28.148	106.7631	14/01/2021	13:25:27
3	803	34.713	3.078	0.01	92.19	28.160	108.3889	14/01/2021	13:25:29
3	804	34.704	3.076	0.01	92.11	28.161	110.1138	14/01/2021	13:25:31
3	805	34.714	3.086	0.01	91.99	28.177	111.8188	14/01/2021	13:25:33
3	806	34.713	3.091	0.01	91.89	28.183	113.4941	14/01/2021	13:25:35
3	807	34.716	3.099	0.01	91.84	28.192	115.2189	14/01/2021	13:25:37
3	808	34.716	3.107	0.01	91.58	28.200	117.0429	14/01/2021	13:25:39
3	809	34.713	3.157	0.02	90.65	28.202	118.8271	14/01/2021	13:25:41
3	810	34.726	3.178	0.01	90.40	28.218	120.5916	14/01/2021	13:25:43
3	811	34.726	3.181	0.02	90.34	28.226	122.3956	14/01/2021	13:25:45
3	812	34.727	3.179	0.01	90.27	28.236	124.1799	14/01/2021	13:25:47
3	813	34.728	3.171	0.01	90.24	28.246	125.8749	14/01/2021	13:25:49
3	814	34.727	3.149	0.01	90.50	28.255	127.5897	14/01/2021	13:25:51
3	815	34.726	3.126	0.01	90.58	28.265	129.3243	14/01/2021	13:25:53
3	816	34.722	3.120	0.01	90.66	28.270	131.0490	14/01/2021	13:25:55
3	817	34.725	3.117	0.01	90.73	28.281	132.7440	14/01/2021	13:25:57
3	818	34.721	3.112	0.01	90.69	28.286	134.4785	14/01/2021	13:25:59
3	819	34.723	3.108	0.02	90.65	28.297	136.2428	14/01/2021	13:26:01
3	820	34.724	3.101	0.02	90.82	28.306	137.9873	14/01/2021	13:26:03
3	821	34.721	3.089	0.01	90.78	28.313	139.6227	14/01/2021	13:26:05
3	822	34.730	3.109	0.01	90.35	28.326	141.3374	14/01/2021	13:26:07
3	823	34.729	3.123	0.02	90.24	28.331	142.8638	14/01/2021	13:26:09
3	824	34.728	3.127	0.01	90.13	28.336	144.3109	14/01/2021	13:26:11
3	825	34.730	3.131	0.02	89.95	28.344	145.6489	14/01/2021	13:26:13
3	826	34.730	3.141	0.01	89.65	28.351	147.1752	14/01/2021	13:26:15
3	827	34.732	3.148	0.02	89.48	28.358	148.7610	14/01/2021	13:26:17
3	828	34.732	3.149	0.01	89.46	28.366	150.4063	14/01/2021	13:26:19
3	829	34.734	3.149	0.01	89.46	28.376	152.1110	14/01/2021	13:26:21
3	830	34.732	3.150	0.02	89.30	28.382	153.8057	14/01/2021	13:26:23
3	831	34.734	3.149	0.02	89.28	28.391	155.3221	14/01/2021	13:26:25
3	832	34.731	3.149	0.01	89.22	28.396	156.9078	14/01/2021	13:26:27
3	833	34.735	3.147	0.01	89.09	28.407	158.6125	14/01/2021	13:26:29
3	834	34.736	3.143	0.01	89.01	28.416	160.3270	14/01/2021	13:26:31
3	835	34.736	3.136	0.01	89.00	28.426	162.0911	14/01/2021	13:26:33
3	836	34.737	3.123	0.02	88.88	28.436	163.9047	14/01/2021	13:26:35
3	837	34.736	3.108	0.01	88.87	28.445	165.6588	14/01/2021	13:26:37
3	838	34.734	3.097	0.02	88.80	28.452	167.2940	14/01/2021	13:26:39
3	839	34.734	3.090	0.01	88.72	28.461	169.0283	14/01/2021	13:26:41
3	840	34.733	3.078	0.02	88.66	28.470	170.8221	14/01/2021	13:26:43
3	841	34.735	3.071	0.02	88.70	28.481	172.6059	14/01/2021	13:26:45
3	842	34.733	3.059	0.02	88.59	28.488	174.3500	14/01/2021	13:26:47
3	843	34.738	3.035	0.02	88.61	28.503	176.1338	14/01/2021	13:26:49
3	844	34.735	3.017	0.02	88.67	28.511	177.9275	14/01/2021	13:26:51
3	845	34.730	3.008	0.01	88.67	28.516	179.7310	14/01/2021	13:26:53
3	846	34.737	2.997	0.02	88.75	28.531	181.5247	14/01/2021	13:26:55
3	847	34.727	2.984	0.01	88.70	28.533	183.3183	14/01/2021	13:26:57
3	848	34.730	2.969	0.01	88.67	28.545	185.0128	14/01/2021	13:26:59
3	849	34.729	2.960	0.01	88.65	28.553	186.7370	14/01/2021	13:27:01
3	850	34.729	2.953	0.02	88.51	28.562	188.5207	14/01/2021	13:27:03
3	851	34.730	2.949	0.01	88.40	28.572	190.2945	14/01/2021	13:27:05
3	852	34.729	2.933	0.01	88.41	28.581	192.1078	14/01/2021	13:27:07
3	853	34.730	2.911	0.01	88.53	28.592	193.9410	14/01/2021	13:27:09
3	854	34.731	2.902	0.02	88.55	28.603	195.7642	14/01/2021	13:27:11
3	855	34.728	2.894	0.01	88.49	28.610	197.5875	14/01/2021	13:27:13
3	856	34.730	2.889	0.02	88.42	28.620	199.3810	14/01/2021	13:27:15
3	857	34.728	2.885	0.01	88.38	28.628	201.1645	14/01/2021	13:27:17
3	858	34.730	2.883	0.01	88.34	28.638	203.0075	14/01/2021	13:27:19
3	859	34.730	2.885	0.01	88.41	28.646	204.8604	14/01/2021	13:27:21
3	860	34.729	2.886	0.02	88.33	28.654	206.6538	14/01/2021	13:27:23
3	861	34.730	2.884	0.02	88.21	28.663	208.4373	14/01/2021	13:27:25
3	862	34.728	2.880	0.02	88.22	28.671	210.3001	14/01/2021	13:27:27
3	863	34.729	2.877	0.02	88.26	28.681	212.1331	14/01/2021	13:27:29
3	864	34.730	2.874	0.02	88.16	28.690	213.8967	14/01/2021	13:27:31
3	865	34.729	2.870	0.02	88.14	28.698	215.6801	14/01/2021	13:27:33
3	866	34.728	2.864	0.02	88.14	28.707	217.5032	14/01/2021	13:27:35
3	867	34.731	2.860	0.02	88.06	28.718	219.2668	14/01/2021	13:27:37
3	868	34.725	2.855	0.02	87.92	28.721	221.0204	14/01/2021	13:27:39
3	869	34.731	2.853	0.02	87.91	28.735	222.8038	14/01/2021	13:27:41
3	870	34.728	2.849	0.02	87.86	28.741	224.5574	14/01/2021	13:27:43
3	871	34.729	2.846	0.02	87.82	28.750	226.2318	14/01/2021	13:27:45
3	872	34.729	2.844	0.02	87.80	28.758	227.9260	14/01/2021	13:27:47
3	873	34.728	2.841	0.01	87.71	28.766	229.6597	14/01/2021	13:27:49
3	874	34.730	2.838	0.02	87.74	28.776	231.3440	14/01/2021	13:27:51
3	875	34.728	2.837	0.02	87.70	28.782	233.0381	14/01/2021	13:27:53
3	876	34.728	2.837	0.02	87.58	28.790	234.7223	14/01/2021	13:27:55
3	877	34.729	2.833	0.02	87.57	28.799	236.3668	14/01/2021	13:27:57
3	878	34.729	2.829	0.02	87.61	28.807	237.9916	14/01/2021	13:27:59
3	879	34.731	2.827	0.02	87.57	28.817	239.6163	14/01/2021	13:28:01
3	880	34.730	2.826	0.02	87.49	28.824	241.2806	14/01/2021	13:28:03
3	881	34.732	2.823	0.02	87.43	28.833	242.9053	14/01/2021	13:28:05
3	882	34.732	2.821	0.02	87.35	28.841	244.5399	14/01/2021	13:28:07
3	883	34.730	2.819	0.02	87.36	28.847	246.1348	14/01/2021	13:28:09
3	884	34.727	2.813	0.02	87.15	28.853	247.7001	14/01/2021	13:28:11
3	885	34.729	2.809	0.02	87.10	28.862	249.2752	14/01/2021	13:28:13
3	886	34.734	2.805	0.02	87.10	28.874	250.8106	14/01/2021	13:28:15
3	887	34.734	2.804	0.02	87.10	28.881	252.2668	14/01/2021	13:28:17
3	888	34.731	2.802	0.02	87.14	28.885	253.7131	14/01/2021	13:28:19
3	889	34.733	2.801	0.02	87.10	28.894	255.2585	14/01/2021	13:28:21
3	890	34.730	2.800	0.02	87.00	28.899	256.8930	14/01/2021	13:28:23
3	891	34.727	2.791	0.02	86.74	28.906	258.5473	14/01/2021	13:28:25
3	892	34.731	2.786	0.02	86.66	28.917	260.1520	14/01/2021	13:28:27
3	893	34.731	2.780	0.02	86.54	28.926	261.8063	14/01/2021	13:28:29
3	894	34.731	2.777	0.02	86.50	28.934	263.4605	14/01/2021	13:28:31
3	895	34.734	2.769	0.02	86.43	28.944	265.0454	14/01/2021	13:28:33
3	896	34.735	2.755	0.02	86.34	28.954	266.6699	14/01/2021	13:28:35
3	897	34.731	2.743	0.02	86.24	28.960	268.3637	14/01/2021	13:28:37
3	898	34.733	2.739	0.02	86.15	28.969	269.9783	14/01/2021	13:28:39
3	899	34.728	2.728	0.02	86.08	28.974	271.5730	14/01/2021	13:28:41
3	900	34.731	2.722	0.02	86.01	28.985	273.2173	14/01/2021	13:28:43
3	901	34.728	2.721	0.02	86.00	28.990	274.8219	14/01/2021	13:28:45
3	902	34.730	2.720	0.02	85.92	28.999	276.3671	14/01/2021	13:28:47
3	903	34.731	2.718	0.00	68.04	29.005	277.4963	14/01/2021	13:28:49
3	904	34.739	2.717	0.00	75.01	29.012	277.5557	14/01/2021	13:28:51
3	905	34.744	2.719	0.00	75.60	29.017	277.7043	14/01/2021	13:28:53
3	906	30.427	2.724	0.00	77.16	25.578	277.7340	14/01/2021	13:28:55
3	907	32.179	2.729	0.00	78.13	26.972	277.6845	14/01/2021	13:28:57
3	908	32.554	2.732	0.00	79.09	27.271	277.7241	14/01/2021	13:28:59
3	909	32.368	2.731	0.00	79.90	27.122	277.7142	14/01/2021	13:29:01
3	910	32.200	2.731	0.00	81.12	26.989	277.7340	14/01/2021	13:29:03
3	911	32.154	2.745	0.00	82.33	26.951	277.7538	14/01/2021	13:29:05
3	912	31.725	2.753	0.00	83.12	26.609	277.7439	14/01/2021	13:29:07
3	913	32.131	2.754	0.00	84.01	26.932	277.7340	14/01/2021	13:29:09
3	914	33.656	2.754	0.00	84.51	28.147	277.7340	14/01/2021	13:29:11
3	915	33.374	2.754	0.00	84.75	27.922	277.7241	14/01/2021	13:29:13
3	916	33.358	2.752	0.00	84.92	27.909	277.7241	14/01/2021	13:29:15
3	917	33.312	2.749	0.00	85.07	27.873	277.7340	14/01/2021	13:29:17
3	918	33.236	2.733	0.00	85.21	27.814	277.7340	14/01/2021	13:29:19
3	919	33.255	2.733	0.00	85.28	27.829	277.7340	14/01/2021	13:29:21
3	920	33.307	2.739	0.00	85.27	27.870	277.7340	14/01/2021	13:29:23
3	921	33.282	2.740	0.00	84.88	27.850	277.7439	14/01/2021	13:29:25
3	922	33.167	2.739	0.00	84.59	27.759	277.7439	14/01/2021	13:29:27
3	923	33.154	2.732	0.00	84.63	27.749	277.7439	14/01/2021	13:29:29
3	924	33.166	2.727	0.00	84.72	27.759	277.7439	14/01/2021	13:29:31
3	925	34.209	2.729	0.00	84.85	28.589	277.7043	14/01/2021	13:29:33
3	926	34.732	2.722	0.00	53.37	29.006	277.4270	14/01/2021	13:29:35
3	927	34.731	2.721	0.00	53.17	29.003	276.9614	14/01/2021	13:29:37
3	928	34.730	2.720	0.00	55.87	28.999	276.3275	14/01/2021	13:29:39
3	929	34.732	2.719	0.00	59.24	28.997	275.5648	14/01/2021	13:29:41
3	930	34.732	2.720	0.00	62.56	28.993	274.7724	14/01/2021	13:29:43
3	931	34.732	2.720	0.00	65.17	28.989	273.9701	14/01/2021	13:29:45
3	932	34.731	2.722	0.00	67.26	28.985	273.1876	14/01/2021	13:29:47
3	933	34.729	2.723	0.00	69.07	28.980	272.4744	14/01/2021	13:29:49
3	934	34.736	2.723	0.00	70.56	28.982	271.7513	14/01/2021	13:29:51
3	935	34.731	2.723	0.00	71.74	28.974	270.9787	14/01/2021	13:29:53
3	936	34.731	2.724	0.00	72.81	28.970	270.1467	14/01/2021	13:29:55
3	937	34.732	2.727	0.00	74.09	28.966	269.3047	14/01/2021	13:29:57
3	938	34.730	2.730	0.00	75.07	28.961	268.5123	14/01/2021	13:29:59
3	939	34.727	2.733	0.00	76.09	28.955	267.7595	14/01/2021	13:30:01
3	940	34.733	2.735	0.00	76.99	28.956	266.9770	14/01/2021	13:30:03
3	941	34.729	2.740	0.00	77.53	28.948	266.1647	14/01/2021	13:30:05
3	942	34.731	2.744	0.00	77.99	28.946	265.3426	14/01/2021	13:30:07
3	943	34.732	2.748	0.00	78.40	28.943	264.5501	14/01/2021	13:30:09
3	944	34.733	2.749	0.00	78.86	28.939	263.7280	14/01/2021	13:30:11
3	945	34.734	2.763	0.00	79.32	28.935	262.8761	14/01/2021	13:30:13
3	946	34.729	2.762	0.00	79.60	28.926	262.0341	14/01/2021	13:30:15
3	947	34.732	2.765	0.00	79.96	28.925	261.2317	14/01/2021	13:30:17
3	948	34.734	2.768	0.00	80.27	28.923	260.4393	14/01/2021	13:30:19
3	949	34.727	2.772	0.00	80.52	28.912	259.6072	14/01/2021	13:30:21
3	950	34.730	2.775	0.00	80.87	28.911	258.7652	14/01/2021	13:30:23
3	951	34.730	2.776	0.00	81.44	28.907	257.9133	14/01/2021	13:30:25
3	952	34.730	2.775	0.00	81.76	28.902	257.0614	14/01/2021	13:30:27
3	953	34.736	2.781	0.00	81.84	28.903	256.2293	14/01/2021	13:30:29
3	954	34.730	2.788	0.00	81.84	28.894	255.3972	14/01/2021	13:30:31
3	955	34.732	2.785	0.00	82.08	28.892	254.5849	14/01/2021	13:30:33
3	956	34.731	2.788	0.00	82.27	28.887	253.7429	14/01/2021	13:30:35
3	957	34.732	2.794	0.00	82.39	28.883	252.8810	14/01/2021	13:30:37
3	958	34.729	2.795	0.00	82.76	28.877	252.0192	14/01/2021	13:30:39
3	959	34.728	2.798	0.00	82.90	28.871	251.1772	14/01/2021	13:30:41
3	960	34.736	2.801	0.00	82.95	28.873	250.3153	14/01/2021	13:30:43
3	961	34.732	2.799	0.00	83.22	28.867	249.4931	14/01/2021	13:30:45
3	962	34.732	2.802	0.00	83.50	28.862	248.6808	14/01/2021	13:30:47
3	963	34.732	2.806	0.00	83.49	28.858	247.8090	14/01/2021	13:30:49
3	964	34.728	2.807	0.00	83.82	28.850	246.9274	14/01/2021	13:30:51
3	965	34.728	2.804	0.00	84.25	28.846	246.0358	14/01/2021	13:30:53
3	966	34.729	2.810	0.00	84.45	28.843	245.1937	14/01/2021	13:30:55
3	967	34.731	2.814	0.00	84.65	28.840	244.3814	14/01/2021	13:30:57
3	968	34.728	2.818	0.00	84.54	28.833	243.5492	14/01/2021	13:30:59
3	969	34.730	2.816	0.00	84.57	28.831	242.6775	14/01/2021	13:31:01
3	970	34.732	2.816	0.00	84.72	28.829	241.7859	14/01/2021	13:31:03
3	971	34.727	2.815	0.00	84.88	28.821	240.9240	14/01/2021	13:31:05
3	972	34.730	2.818	0.00	84.98	28.818	240.0720	14/01/2021	13:31:07
3	973	34.728	2.821	0.00	85.09	28.813	239.2497	14/01/2021	13:31:09
3	974	34.728	2.823	0.00	85.20	28.808	238.3978	14/01/2021	13:31:11
3	975	34.730	2.823	0.00	85.24	28.807	237.5458	14/01/2021	13:31:13
3	976	34.731	2.824	0.00	85.18	28.803	236.6740	14/01/2021	13:31:15
3	977	34.732	2.826	0.00	85.27	28.799	235.7724	14/01/2021	13:31:17
3	978	34.730	2.830	0.00	85.51	28.794	234.9105	14/01/2021	13:31:19
3	979	34.728	2.833	0.00	85.58	28.787	234.1081	14/01/2021	13:31:21
3	980	34.729	2.833	0.00	85.78	28.785	233.3056	14/01/2021	13:31:23
3	981	34.731	2.831	0.00	85.89	28.782	232.4437	14/01/2021	13:31:25
3	982	34.726	2.834	0.00	85.99	28.773	231.5223	14/01/2021	13:31:27
3	983	34.730	2.835	0.00	86.12	28.773	230.6307	14/01/2021	13:31:29
3	984	34.732	2.835	0.00	86.16	28.770	229.7885	14/01/2021	13:31:31
3	985	34.730	2.835	0.00	86.20	28.764	228.9365	14/01/2021	13:31:33
3	986	34.728	2.838	0.00	86.16	28.759	228.1043	14/01/2021	13:31:35
3	987	34.726	2.837	0.00	86.19	28.753	227.2622	14/01/2021	13:31:37
3	988	34.728	2.838	0.00	86.38	28.751	226.3705	14/01/2021	13:31:39
3	989	34.728	2.842	0.00	86.36	28.746	225.4888	14/01/2021	13:31:41
3	990	34.730	2.843	0.00	86.30	28.743	224.6070	14/01/2021	13:31:43
3	991	34.732	2.846	0.00	86.26	28.741	223.7847	14/01/2021	13:31:45
3	992	34.729	2.846	0.00	86.35	28.734	222.9425	14/01/2021	13:31:47
3	993	34.728	2.848	0.00	86.38	28.729	222.0508	14/01/2021	13:31:49
3	994	34.729	2.848	0.00	86.52	28.726	221.1790	14/01/2021	13:31:51
3	995	34.729	2.849	0.00	86.64	28.722	220.3368	14/01/2021	13:31:53
3	996	34.730	2.851	0.00	86.71	28.719	219.5244	14/01/2021	13:31:55
3	997	34.727	2.855	0.00	86.72	28.712	218.6723	14/01/2021	13:31:57
3	998	34.726	2.857	0.00	86.68	28.707	217.7806	14/01/2021	13:31:59
3	999	34.728	2.855	0.00	86.63	28.705	216.8889	14/01/2021	13:32:01
3	1000	34.729	2.859	0.00	86.74	28.701	216.0566	14/01/2021	13:32:03
3	1001	34.730	2.860	0.00	86.79	28.698	215.2640	14/01/2021	13:32:05
3	1002	34.726	2.864	0.00	86.90	28.690	214.3921	14/01/2021	13:32:07
3	1003	34.728	2.865	0.00	86.76	28.687	213.4905	14/01/2021	13:32:09
3	1004	34.730	2.864	0.00	86.83	28.685	212.5988	14/01/2021	13:32:11
3	1005	34.730	2.863	0.00	86.91	28.681	211.7367	14/01/2021	13:32:13
3	1006	34.728	2.866	0.00	86.93	28.675	210.8946	14/01/2021	13:32:15
3	1007	34.728	2.871	0.00	86.81	28.671	210.0722	14/01/2021	13:32:17
3	1008	34.732	2.874	0.00	86.71	28.669	209.2102	14/01/2021	13:32:19
3	1009	34.732	2.874	0.00	86.78	28.666	208.3581	14/01/2021	13:32:21
3	1010	34.731	2.876	0.00	86.84	28.660	207.4762	14/01/2021	13:32:23
3	1011	34.729	2.882	0.00	86.86	28.655	206.5944	14/01/2021	13:32:25
3	1012	34.729	2.883	0.00	86.90	28.650	205.7125	14/01/2021	13:32:27
3	1013	34.732	2.883	0.00	87.03	28.648	204.8703	14/01/2021	13:32:29
3	1014	34.729	2.883	0.00	87.15	28.642	204.0281	14/01/2021	13:32:31
3	1015	34.729	2.885	0.00	87.28	28.638	203.2057	14/01/2021	13:32:33
3	1016	34.730	2.886	0.00	87.38	28.635	202.3436	14/01/2021	13:32:35
3	1017	34.729	2.885	0.00	87.43	28.630	201.4320	14/01/2021	13:32:37
3	1018	34.728	2.885	0.00	87.43	28.625	200.5304	14/01/2021	13:32:39
3	1019	34.731	2.883	0.00	87.43	28.623	199.6980	14/01/2021	13:32:41
3	1020	34.732	2.884	0.00	87.41	28.620	198.9152	14/01/2021	13:32:43
3	1021	34.729	2.894	0.00	87.44	28.613	198.0532	14/01/2021	13:32:45
3	1022	34.726	2.895	0.00	87.54	28.606	197.1713	14/01/2021	13:32:47
3	1023	34.728	2.897	0.00	87.60	28.603	196.2498	14/01/2021	13:32:49
3	1024	34.730	2.894	0.00	87.66	28.601	195.3580	14/01/2021	13:32:51
3	1025	34.729	2.899	0.00	87.74	28.596	194.5256	14/01/2021	13:32:53
3	1026	34.735	2.911	0.00	87.77	28.595	193.7032	14/01/2021	13:32:55
3	1027	34.734	2.920	0.00	87.59	28.590	192.8510	14/01/2021	13:32:57
3	1028	34.731	2.921	0.00	87.68	28.583	191.9691	14/01/2021	13:32:59
3	1029	34.729	2.919	0.00	87.73	28.577	191.0872	14/01/2021	13:33:01
3	1030	34.728	2.935	0.00	87.59	28.571	190.2251	14/01/2021	13:33:03
3	1031	34.734	2.937	0.00	87.57	28.572	189.3729	14/01/2021	13:33:05
3	1032	34.734	2.942	0.00	87.59	28.567	188.5009	14/01/2021	13:33:07
3	1033	34.726	2.953	0.00	87.60	28.556	187.6289	14/01/2021	13:33:09
3	1034	34.733	2.955	0.00	87.65	28.557	186.7866	14/01/2021	13:33:11
3	1035	34.730	2.952	0.00	87.71	28.551	185.9443	14/01/2021	13:33:13
3	1036	34.733	2.964	0.00	87.76	28.548	185.0525	14/01/2021	13:33:15
3	1037	34.731	2.964	0.00	87.75	28.542	184.1408	14/01/2021	13:33:17
3	1038	34.735	2.973	0.00	87.73	28.540	183.2886	14/01/2021	13:33:19
3	1039	34.731	2.976	0.00	87.65	28.533	182.4661	14/01/2021	13:33:21
3	1040	34.736	2.983	0.00	87.72	28.532	181.6139	14/01/2021	13:33:23
3	1041	34.728	2.992	0.00	87.67	28.521	180.7517	14/01/2021	13:33:25
3	1042	34.728	2.991	0.00	87.74	28.517	179.8896	14/01/2021	13:33:27
3	1043	34.741	2.991	0.00	87.84	28.523	178.9779	14/01/2021	13:33:29
3	1044	34.733	2.999	0.00	87.96	28.512	178.1356	14/01/2021	13:33:31
3	1045	34.730	3.015	0.00	88.01	28.504	177.3131	14/01/2021	13:33:33
3	1046	34.728	3.017	0.00	88.10	28.498	176.4311	14/01/2021	13:33:35
3	1047	34.730	3.030	0.00	88.11	28.495	175.5392	14/01/2021	13:33:37
3	1048	34.734	3.040	0.00	88.21	28.492	174.6671	14/01/2021	13:33:39
3	1049	34.739	3.047	0.00	88.11	28.492	173.8545	14/01/2021	13:33:41
3	1050	34.735	3.053	0.00	88.13	28.484	173.0221	14/01/2021	13:33:43
3	1051	34.738	3.063	0.00	88.07	28.482	172.1401	14/01/2021	13:33:45
3	1052	34.734	3.063	0.00	88.03	28.474	171.2284	14/01/2021	13:33:47
3	1053	34.733	3.059	0.00	87.97	28.469	170.3365	14/01/2021	13:33:49
3	1054	34.734	3.068	0.00	87.91	28.466	169.5040	14/01/2021	13:33:51
3	1055	34.738	3.080	0.00	88.00	28.464	168.6914	14/01/2021	13:33:53
3	1056	34.731	3.084	0.00	88.00	28.454	167.8589	14/01/2021	13:33:55
3	1057	34.735	3.087	0.00	88.10	28.452	166.9670	14/01/2021	13:33:57
3	1058	34.733	3.091	0.00	88.14	28.447	166.0553	14/01/2021	13:33:59
3	1059	34.730	3.098	0.00	88.18	28.439	165.2030	14/01/2021	13:34:01
3	1060	34.729	3.103	0.00	88.20	28.434	164.3507	14/01/2021	13:34:03
3	1061	34.735	3.115	0.00	88.20	28.433	163.4984	14/01/2021	13:34:05
3	1062	34.740	3.114	0.00	88.18	28.434	162.7055	14/01/2021	13:34:07
3	1063	34.726	3.114	0.00	88.21	28.418	161.8334	14/01/2021	13:34:09
3	1064	34.734	3.128	0.00	88.29	28.420	160.9415	14/01/2021	13:34:11
3	1065	34.737	3.141	0.00	88.30	28.416	160.0495	14/01/2021	13:34:13
3	1066	34.736	3.142	0.00	88.34	28.411	159.1873	14/01/2021	13:34:15
3	1067	34.735	3.146	0.00	88.36	28.406	158.3350	14/01/2021	13:34:17
3	1068	34.739	3.146	0.00	88.36	28.406	157.6412	14/01/2021	13:34:19
3	1069	34.734	3.147	0.00	88.38	28.399	156.8384	14/01/2021	13:34:21
3	1070	34.735	3.145	0.00	88.38	28.395	155.9861	14/01/2021	13:34:23
3	1071	34.735	3.147	0.00	88.43	28.391	155.0743	14/01/2021	13:34:25
3	1072	34.731	3.147	0.00	88.41	28.383	154.1923	14/01/2021	13:34:27
3	1073	34.733	3.148	0.00	88.40	28.381	153.3300	14/01/2021	13:34:29
3	1074	34.735	3.144	0.00	88.54	28.379	152.5173	14/01/2021	13:34:31
3	1075	34.732	3.144	0.00	88.62	28.373	151.6749	14/01/2021	13:34:33
3	1076	34.733	3.146	0.00	88.63	28.369	150.8126	14/01/2021	13:34:35
3	1077	34.736	3.147	0.00	88.64	28.367	149.9702	14/01/2021	13:34:37
3	1078	34.735	3.145	0.00	88.65	28.363	149.1376	14/01/2021	13:34:39
3	1079	34.735	3.141	0.00	88.81	28.359	148.2555	14/01/2021	13:34:41
3	1080	34.733	3.132	0.00	88.87	28.354	147.3437	14/01/2021	13:34:43
3	1081	34.728	3.127	0.00	88.81	28.346	146.4616	14/01/2021	13:34:45
3	1082	34.727	3.126	0.00	88.89	28.342	145.6489	14/01/2021	13:34:47
3	1083	34.730	3.126	0.00	88.94	28.340	144.8659	14/01/2021	13:34:49
3	1084	34.729	3.125	0.00	88.99	28.336	144.0036	14/01/2021	13:34:51
3	1085	34.730	3.124	0.00	89.17	28.333	143.1017	14/01/2021	13:34:53
3	1086	34.728	3.123	0.00	89.24	28.327	142.1898	14/01/2021	13:34:55
3	1087	34.730	3.116	0.00	89.41	28.325	141.3077	14/01/2021	13:34:57
3	1088	34.724	3.112	0.00	89.43	28.317	140.4652	14/01/2021	13:34:59
3	1089	34.727	3.115	0.00	89.34	28.315	139.7020	14/01/2021	13:35:01
3	1090	34.729	3.114	0.00	89.36	28.313	138.8893	14/01/2021	13:35:03
3	1091	34.728	3.113	0.00	89.42	28.308	137.9873	14/01/2021	13:35:05
3	1092	34.723	3.115	0.00	89.36	28.299	137.0655	14/01/2021	13:35:07
3	1093	34.728	3.115	0.00	89.46	28.299	136.2032	14/01/2021	13:35:09
3	1094	34.726	3.116	0.00	89.48	28.294	135.3706	14/01/2021	13:35:11
3	1095	34.729	3.116	0.00	89.50	28.292	134.5380	14/01/2021	13:35:13
3	1096	34.725	3.116	0.00	89.47	28.285	133.6955	14/01/2021	13:35:15
3	1097	34.725	3.116	0.00	89.54	28.281	132.8530	14/01/2021	13:35:17
3	1098	34.727	3.117	0.00	89.68	28.279	131.9708	14/01/2021	13:35:19
3	1099	34.728	3.128	0.00	89.75	28.274	131.0787	14/01/2021	13:35:21
3	1100	34.725	3.148	0.00	89.71	28.266	130.2065	14/01/2021	13:35:23
3	1101	34.727	3.158	0.00	89.78	28.262	129.3838	14/01/2021	13:35:25
3	1102	34.727	3.163	0.00	89.86	28.258	128.5413	14/01/2021	13:35:27
3	1103	34.730	3.173	0.00	89.94	28.255	127.6591	14/01/2021	13:35:29
3	1104	34.728	3.175	0.00	89.94	28.249	126.7471	14/01/2021	13:35:31
3	1105	34.727	3.178	0.00	89.95	28.244	125.8947	14/01/2021	13:35:33
3	1106	34.725	3.177	0.00	89.87	28.238	125.0621	14/01/2021	13:35:35
3	1107	34.731	3.183	0.00	89.81	28.239	124.1898	14/01/2021	13:35:37
3	1108	34.731	3.178	0.00	89.67	28.235	123.3373	14/01/2021	13:35:39
3	1109	34.735	3.162	0.00	89.65	28.236	122.4452	14/01/2021	13:35:41
3	1110	34.722	3.144	0.00	89.62	28.223	121.5828	14/01/2021	13:35:43
3	1111	34.733	3.124	0.00	89.59	28.230	120.7403	14/01/2021	13:35:45
3	1112	34.715	3.111	0.00	89.53	28.212	119.9076	14/01/2021	13:35:47
3	1113	34.723	3.107	0.00	89.54	28.215	119.0056	14/01/2021	13:35:49
3	1114	34.717	3.103	0.00	89.72	28.207	118.1432	14/01/2021	13:35:51
3	1115	34.722	3.103	0.00	89.78	28.207	117.2708	14/01/2021	13:35:53
3	1116	34.709	3.091	0.00	89.89	28.193	116.3985	14/01/2021	13:35:55
3	1117	34.713	3.087	0.00	90.14	28.192	115.5262	14/01/2021	13:35:57
3	1118	34.715	3.084	0.00	90.32	28.191	114.6935	14/01/2021	13:35:59
3	1119	34.720	3.082	0.00	90.56	28.191	113.8708	14/01/2021	13:36:01
3	1120	34.707	3.073	0.00	90.60	28.177	112.9885	14/01/2021	13:36:03
3	1121	34.710	3.074	0.00	90.78	28.176	112.1261	14/01/2021	13:36:05
3	1122	34.706	3.073	0.00	90.83	28.168	111.2538	14/01/2021	13:36:07
3	1123	34.711	3.075	0.00	90.93	28.168	110.3814	14/01/2021	13:36:09
3	1124	34.709	3.079	0.00	91.01	28.162	109.5190	14/01/2021	13:36:11
3	1125	34.710	3.082	0.00	91.10	28.158	108.6466	14/01/2021	13:36:13
3	1126	34.709	3.083	0.00	91.19	28.153	107.7644	14/01/2021	13:36:15
3	1127	34.708	3.087	0.00	91.24	28.148	106.8524	14/01/2021	13:36:17
3	1128	34.707	3.095	0.00	91.28	28.142	106.0097	14/01/2021	13:36:19
3	1129	34.709	3.104	0.00	91.28	28.139	105.1770	14/01/2021	13:36:21
3	1130	34.708	3.115	0.00	91.21	28.134	104.3443	14/01/2021	13:36:23
3	1131	34.714	3.119	0.00	91.23	28.134	103.5215	14/01/2021	13:36:25
3	1132	34.711	3.120	0.00	91.34	28.127	102.6194	14/01/2021	13:36:27
3	1133	34.721	3.132	0.00	91.36	28.129	101.6974	14/01/2021	13:36:29
3	1134	34.698	3.174	0.00	91.38	28.103	100.8151	14/01/2021	13:36:31
3	1135	34.714	3.199	0.00	91.41	28.110	99.9824	14/01/2021	13:36:33
3	1136	34.713	3.226	0.00	91.44	28.103	99.1893	14/01/2021	13:36:35
3	1137	34.701	3.264	0.00	91.44	28.085	98.3467	14/01/2021	13:36:37
3	1138	34.716	3.265	0.00	91.50	28.093	97.4247	14/01/2021	13:36:39
3	1139	34.727	3.266	0.00	91.41	28.097	96.5226	14/01/2021	13:36:41
3	1140	34.744	3.280	0.00	91.34	28.105	95.6402	14/01/2021	13:36:43
3	1141	34.713	3.291	0.00	91.17	28.075	94.7976	14/01/2021	13:36:45
3	1142	34.728	3.307	0.00	91.05	28.082	93.9549	14/01/2021	13:36:47
3	1143	34.732	3.320	0.00	90.91	28.080	93.0329	14/01/2021	13:36:49
3	1144	34.732	3.316	0.00	90.86	28.076	92.1407	14/01/2021	13:36:51
3	1145	34.735	3.313	0.00	90.77	28.074	91.2980	14/01/2021	13:36:53
3	1146	34.724	3.321	0.00	90.71	28.061	90.4553	14/01/2021	13:36:55
3	1147	34.729	3.341	0.00	90.65	28.058	89.5630	14/01/2021	13:36:57
3	1148	34.733	3.349	0.00	90.53	28.057	88.6807	14/01/2021	13:36:59
3	1149	34.722	3.338	0.00	90.56	28.045	87.8281	14/01/2021	13:37:01
3	1150	34.739	3.367	0.00	90.42	28.051	86.9457	14/01/2021	13:37:03
3	1151	34.729	3.375	0.00	90.39	28.039	86.0832	14/01/2021	13:37:05
3	1152	34.727	3.378	0.00	90.31	28.033	85.2702	14/01/2021	13:37:07
3	1153	34.730	3.391	0.00	90.32	28.030	84.3878	14/01/2021	13:37:09
3	1154	34.725	3.386	0.00	90.30	28.022	83.4658	14/01/2021	13:37:11
3	1155	34.727	3.392	0.00	90.39	28.019	82.5735	14/01/2021	13:37:13
3	1156	34.730	3.393	0.00	90.39	28.017	81.6911	14/01/2021	13:37:15
3	1157	34.727	3.388	0.00	90.31	28.011	80.8583	14/01/2021	13:37:17
3	1158	34.729	3.400	0.00	90.27	28.008	80.0057	14/01/2021	13:37:19
3	1159	34.726	3.400	0.00	90.34	28.001	79.1233	14/01/2021	13:37:21
3	1160	34.729	3.403	0.00	90.37	27.999	78.2607	14/01/2021	13:37:23
3	1161	34.727	3.410	0.00	90.28	27.993	77.3288	14/01/2021	13:37:25
3	1162	34.730	3.412	0.00	90.39	27.991	76.4563	14/01/2021	13:37:27
3	1163	34.720	3.412	0.00	90.28	27.979	75.5937	14/01/2021	13:37:29
3	1164	34.723	3.416	0.00	90.30	27.977	74.7410	14/01/2021	13:37:31
3	1165	34.727	3.416	0.00	90.38	27.976	73.8388	14/01/2021	13:37:33
3	1166	34.735	3.426	0.00	90.36	27.977	72.9564	14/01/2021	13:37:35
3	1167	34.732	3.443	0.00	90.32	27.969	72.1136	14/01/2021	13:37:37
3	1168	34.723	3.445	0.00	90.43	27.957	71.2312	14/01/2021	13:37:39
3	1169	34.734	3.456	0.00	90.48	27.960	70.3289	14/01/2021	13:37:41
3	1170	34.724	3.458	0.00	90.39	27.948	69.4564	14/01/2021	13:37:43
3	1171	34.723	3.462	0.00	90.45	27.944	68.5938	14/01/2021	13:37:45
3	1172	34.720	3.470	0.00	90.49	27.936	67.7213	14/01/2021	13:37:47
3	1173	34.718	3.469	0.00	90.51	27.930	66.8587	14/01/2021	13:37:49
3	1174	34.721	3.472	0.00	90.49	27.929	65.9960	14/01/2021	13:37:51
3	1175	34.726	3.472	0.00	90.60	27.928	65.1037	14/01/2021	13:37:53
3	1176	34.711	3.486	0.00	90.51	27.911	64.2014	14/01/2021	13:37:55
3	1177	34.722	3.498	0.00	90.47	27.914	63.3289	14/01/2021	13:37:57
3	1178	34.731	3.512	0.00	90.53	27.916	62.4464	14/01/2021	13:37:59
3	1179	34.729	3.525	0.00	90.47	27.908	61.5838	14/01/2021	13:38:01
3	1180	34.727	3.529	0.00	90.56	27.903	60.7310	14/01/2021	13:38:03
3	1181	34.728	3.529	0.00	90.64	27.899	59.8486	14/01/2021	13:38:05
3	1182	34.723	3.528	0.00	90.67	27.892	58.9661	14/01/2021	13:38:07
3	1183	34.720	3.532	0.00	90.65	27.884	58.0836	14/01/2021	13:38:09
3	1184	34.723	3.535	0.00	90.55	27.882	57.2209	14/01/2021	13:38:11
3	1185	34.723	3.540	0.00	90.58	27.878	56.3285	14/01/2021	13:38:13
3	1186	34.732	3.552	0.00	90.65	27.880	55.4163	14/01/2021	13:38:15
3	1187	34.729	3.559	0.00	90.62	27.872	54.5437	14/01/2021	13:38:17
3	1188	34.721	3.569	0.00	90.62	27.861	53.6810	14/01/2021	13:38:19
3	1189	34.728	3.593	0.00	90.71	27.860	52.8680	14/01/2021	13:38:21
3	1190	34.725	3.597	0.00	90.63	27.853	52.0152	14/01/2021	13:38:23
3	1191	34.725	3.596	0.00	90.69	27.849	51.1029	14/01/2021	13:38:25
3	1192	34.723	3.596	0.00	90.72	27.843	50.1808	14/01/2021	13:38:27
3	1193	34.728	3.595	0.00	90.63	27.843	49.2883	14/01/2021	13:38:29
3	1194	34.724	3.597	0.00	90.64	27.836	48.4554	14/01/2021	13:38:31
3	1195	34.721	3.597	0.00	90.64	27.829	47.6125	14/01/2021	13:38:33
3	1196	34.720	3.598	0.00	90.69	27.825	46.7696	14/01/2021	13:38:35
3	1197	34.724	3.598	0.00	90.78	27.824	45.8970	14/01/2021	13:38:37
3	1198	34.721	3.597	0.00	90.79	27.817	44.9748	14/01/2021	13:38:39
3	1199	34.721	3.588	0.00	90.79	27.813	44.0526	14/01/2021	13:38:41
3	1200	34.722	3.584	0.00	90.82	27.811	43.2097	14/01/2021	13:38:43
3	1201	34.718	3.587	0.00	90.80	27.803	42.3768	14/01/2021	13:38:45
3	1202	34.715	3.589	0.00	90.88	27.797	41.5140	14/01/2021	13:38:47
3	1203	34.712	3.589	0.00	90.91	27.790	40.6712	14/01/2021	13:38:49
3	1204	34.711	3.582	0.00	90.90	27.786	39.7787	14/01/2021	13:38:51
3	1205	34.712	3.582	0.00	90.93	27.782	38.8564	14/01/2021	13:38:53
3	1206	34.711	3.584	0.00	90.93	27.778	37.9838	14/01/2021	13:38:55
3	1207	34.708	3.575	0.00	90.98	27.772	37.1706	14/01/2021	13:38:57
3	1208	34.711	3.571	0.00	91.05	27.770	36.3178	14/01/2021	13:38:59
3	1209	34.691	3.540	0.00	91.01	27.754	35.4253	14/01/2021	13:39:01
3	1210	34.699	3.486	0.00	91.15	27.761	34.5527	14/01/2021	13:39:03
3	1211	34.710	3.460	0.00	91.13	27.769	33.6998	14/01/2021	13:39:05
3	1212	34.695	3.424	0.00	91.17	27.756	32.8371	14/01/2021	13:39:07
3	1213	34.696	3.418	0.00	91.22	27.753	31.9743	14/01/2021	13:39:09
3	1214	34.665	3.394	0.00	91.21	27.727	31.1016	14/01/2021	13:39:11
3	1215	34.698	3.358	0.00	91.27	27.753	30.2388	14/01/2021	13:39:13
3	1216	34.671	3.309	0.00	91.40	27.732	29.3364	14/01/2021	13:39:15
3	1217	34.680	3.260	0.00	91.41	27.740	28.4538	14/01/2021	13:39:17
3	1218	34.681	3.253	0.00	91.52	27.737	27.5712	14/01/2021	13:39:19
3	1219	34.653	3.243	0.00	91.62	27.712	26.7679	14/01/2021	13:39:21
3	1220	34.715	3.177	0.00	91.69	27.763	25.9051	14/01/2021	13:39:23
3	1221	34.619	2.913	0.00	91.39	27.707	24.9828	14/01/2021	13:39:25
3	1222	34.595	2.898	0.00	91.80	27.685	24.1002	14/01/2021	13:39:27
3	1223	34.606	2.838	0.00	91.68	27.695	23.2176	14/01/2021	13:39:29
3	1224	34.549	2.597	0.00	91.67	27.667	22.3349	14/01/2021	13:39:31
3	1225	34.491	2.490	0.00	91.90	27.625	21.5019	14/01/2021	13:39:33
3	1226	34.506	2.650	0.00	92.05	27.620	20.6391	14/01/2021	13:39:35
3	1227	34.589	2.285	0.00	91.87	27.713	19.7465	14/01/2021	13:39:37
3	1228	34.536	2.100	0.00	91.91	27.681	18.8639	14/01/2021	13:39:39
3	1229	34.463	1.959	0.00	92.31	27.630	17.9812	14/01/2021	13:39:41
3	1230	34.486	1.909	0.00	92.31	27.649	17.1283	14/01/2021	13:39:43
3	1231	34.513	1.745	0.00	92.02	27.679	16.2655	14/01/2021	13:39:45
3	1232	34.471	1.695	0.00	92.87	27.645	15.3927	14/01/2021	13:39:47
3	1233	34.463	1.658	0.00	93.02	27.637	14.5001	14/01/2021	13:39:49
3	1234	34.468	1.713	0.00	93.13	27.632	13.6075	14/01/2021	13:39:51
3	1235	34.517	1.729	0.00	94.09	27.666	12.7546	14/01/2021	13:39:53
3	1236	34.466	1.628	0.00	94.41	27.629	11.8719	14/01/2021	13:39:55
3	1237	34.469	1.630	0.00	94.85	27.627	11.0091	14/01/2021	13:39:57
3	1238	34.460	1.623	0.00	94.93	27.616	10.1363	14/01/2021	13:39:59
3	1239	34.454	1.611	0.00	95.23	27.608	9.2437	14/01/2021	13:40:01
3	1240	34.438	1.640	0.00	95.77	27.589	8.3610	14/01/2021	13:40:03
3	1241	34.451	1.585	0.00	96.02	27.599	7.4882	14/01/2021	13:40:05
3	1242	34.455	1.571	0.00	96.17	27.600	6.7840	14/01/2021	13:40:07
3	1243	34.458	1.561	0.00	96.20	27.599	5.9906	14/01/2021	13:40:09
3	1244	34.455	1.566	0.00	96.50	27.594	5.3757	14/01/2021	13:40:11
3	1245	34.442	1.604	0.00	96.69	27.577	4.6120	14/01/2021	13:40:13
3	1246	34.456	1.627	0.00	97.32	27.583	3.9276	14/01/2021	13:40:15
3	1247	34.500	1.667	0.10	97.53	27.612	3.0747	14/01/2021	13:40:17
3	1248	34.466	1.715	0.05	97.70	27.577	2.4498	14/01/2021	13:40:19
3	1249	34.454	1.695	0.15	97.75	27.568	2.2911	14/01/2021	13:40:21
3	1250	34.462	1.681	0.03	97.67	27.574	1.8547	14/01/2021	13:40:23
3	1251	34.446	1.650	0.04	97.72	27.563	1.7754	14/01/2021	13:40:25
3	1252	34.467	1.652	0.03	97.67	27.576	0.9522	14/01/2021	13:40:27
3	1253	34.447	1.592	0.03	97.65	27.563	0.6348	14/01/2021	13:40:29


